Lamball|001|Neutral|70|70|70|0|0|0|0|1|0|0|0|0|0|1|1
Cattiva|002|Neutral|70|70|70|0|0|0|0|1|1|0|1|0|0|1|0
Chikipi|003|Neutral|60|60|60|0|0|0|0|0|1|0|0|0|0|0|1
Lifmunk|004|Grass|75|70|70|0|0|1|0|1|1|1|0|1|0|0|0
Fuack|005|Water|60|80|60|0|1|0|0|1|0|0|0|0|0|1|0
Fuack Ignis|005B|Fire/Water|60|85|60|2|2|0|0|1|0|0|0|0|0|1|0
Vixy|006|Neutral|70|70|70|0|0|0|0|0|1|0|0|0|0|0|1
Celaray|007|Water|80|70|80|0|1|0|0|0|0|0|0|0|0|1|0
Celaray Lux|007B|Electric/Water|80|75|80|0|1|0|2|0|0|0|0|0|0|1|0
Cremis|008|Neutral|70|70|75|0|0|0|0|0|1|0|0|0|0|0|2
Croajiro|009|Water|80|100|85|0|1|0|0|1|1|0|0|0|0|1|0
Croajiro Noct|009B|Dark/Water|85|110|90|0|1|0|0|2|0|0|0|1|0|1|0
Herbil|010|Grass/Neutral|80|75|75|0|0|2|0|0|1|0|0|0|0|1|0
Teafant|011|Water|70|60|70|0|1|0|0|0|0|0|0|0|0|0|0
Gumoss|012|Grass/Ground|70|70|70|0|0|1|0|0|0|0|0|0|0|0|0
Pupperai|013|Ground|70|80|70|0|0|0|0|0|1|0|1|0|0|1|0
Clovee|014|Grass/Neutral|80|65|65|0|0|1|0|0|1|0|0|0|0|0|0
Jolthog|015|Electric|70|75|70|0|0|0|1|0|0|0|0|0|0|0|0
Jolthog Cryst|015B|Ice|70|75|80|0|0|0|0|0|0|0|0|0|1|0|0
Depresso|016|Dark|70|70|70|0|0|0|0|1|0|0|1|1|0|1|0
Pengullet|017|Ice/Water|70|75|70|0|1|0|0|1|0|0|0|0|1|1|0
Pengullet Lux|017B|Electric/Water|70|80|70|0|1|0|2|1|0|0|0|0|0|1|0
Penking|018|Ice/Water|95|95|95|0|2|0|0|2|0|0|3|0|2|3|0
Penking Lux|018B|Electric/Water|100|100|100|0|2|0|2|2|0|0|0|0|2|2|0
Hoocrates|019|Dark|70|70|80|0|0|0|0|0|0|0|0|1|0|0|0
Melpaca|020|Neutral|90|75|90|0|0|0|0|0|2|0|0|0|0|0|0
Kingpaca|021|Neutral|120|85|90|0|0|0|0|0|1|0|0|0|0|0|0
Kingpaca Cryst|021B|Ice|120|85|90|0|0|0|0|0|2|0|0|0|4|0|0
Daedream|022|Dark|70|75|60|0|0|0|0|1|1|0|0|0|0|1|0
Tanzee|023|Grass|80|70|70|0|0|1|0|1|1|1|0|0|0|1|0
Tanzee Ignis|023B|Fire|80|75|70|1|0|0|0|1|1|0|0|1|0|0|0
Nox|024|Dark|75|85|70|0|0|0|0|0|1|0|0|0|0|0|0
Flambelle|025|Fire|60|70|80|1|0|0|0|1|1|0|0|0|0|1|0
Rooby|026|Fire|75|70|75|1|0|0|0|0|0|0|0|0|0|1|0
Mau|027|Dark|70|60|70|0|0|0|0|0|1|0|0|0|0|0|1
Mau Cryst|027B|Ice|70|65|70|0|0|0|0|0|1|0|0|0|1|0|0
Rushoar|028|Ground|80|70|70|0|0|0|0|0|0|0|1|0|0|0|0
Foxparks|029|Fire|65|75|70|1|0|0|0|0|0|0|0|0|0|0|0
Foxparks Cryst|029B|Ice|65|80|70|0|0|0|0|0|0|0|0|0|2|0|0
Killamari|030|Dark/Water|60|60|70|0|1|0|0|0|1|0|0|0|0|2|0
Killamari Primo|030B|Neutral/Water|70|60|70|0|1|0|0|0|1|0|0|0|0|2|0
Fuddler|031|Ground|65|80|50|0|0|0|0|1|0|0|1|0|0|1|0
Eikthyrdeer|032|Neutral|95|80|80|0|0|0|0|0|0|2|0|0|0|0|0
Eikthyrdeer Terra|032B|Ground|95|80|80|0|0|0|0|0|0|2|0|0|0|0|0
Direhowl|033|Neutral|80|90|75|0|0|0|0|0|1|0|0|0|0|0|0
Caprity|034|Grass|100|70|90|0|0|2|0|0|0|0|0|0|0|0|1
Caprity Noct|034B|Dark|100|75|90|0|0|2|0|0|0|0|0|0|0|0|1
Swee|035|Ice|60|60|60|0|0|0|0|0|1|0|0|0|1|0|0
Sweepa|036|Ice|100|90|90|0|0|0|0|0|2|0|0|0|3|0|0
Turtacle|037|Water|75|75|115|0|2|0|0|0|0|0|1|0|0|0|0
Turtacle Terra|037B|Ground/Water|85|85|125|0|2|0|0|0|0|0|3|0|0|1|0
Hangyu|038|Ground|80|70|70|0|0|0|0|0|1|0|1|0|0|2|0
Hangyu Cryst|038B|Ice|80|80|70|0|0|0|0|0|3|0|2|0|2|3|0
Woolipop|039|Neutral|70|70|90|0|0|0|0|0|1|0|0|0|0|0|0
Woolipop Terra|039B|Ground|70|70|95|0|0|0|0|0|1|0|0|0|0|0|0
Mozzarina|040|Neutral|90|50|80|0|0|0|0|0|0|0|0|0|0|0|2
Azurobe|041|Dragon/Water|110|100|100|0|4|0|0|0|0|0|0|0|0|0|0
Azurobe Cryst|041B|Dragon/Ice|115|105|105|0|4|0|0|0|0|0|0|0|0|0|0
Sparkit|042|Electric|60|75|70|0|0|0|1|1|0|0|1|0|0|1|0
Kelpsea|043|Water|70|70|70|0|1|0|0|0|0|0|0|0|0|1|0
Kelpsea Ignis|043B|Fire|70|70|70|1|0|0|0|0|0|0|0|0|0|1|0
Ribbuny|044|Neutral|75|65|70|0|0|0|0|1|1|0|0|0|0|1|0
Ribbuny Botan|044B|Grass|80|65|70|0|0|2|0|2|2|0|0|0|0|1|0
Jelliette|045|Water|75|90|70|0|2|0|0|1|0|0|0|0|0|1|0
Jellroy|046|Dark/Water|90|75|75|0|2|0|0|1|0|0|1|0|0|1|0
Amione|047|Water|65|70|65|0|1|0|0|2|0|0|1|0|0|0|0
Gloopie|048|Dark/Water|70|85|70|0|2|0|0|2|0|0|0|0|0|2|0
Galeclaw|049|Neutral|75|85|60|0|0|0|0|0|2|0|0|0|0|0|0
Wispaw|050|Dark|85|95|70|0|0|0|0|2|0|0|1|1|0|1|0
Nitewing|051|Neutral|100|95|80|0|0|0|0|0|2|0|0|0|0|0|0
Tombat|052|Dark|95|95|80|0|0|0|0|2|3|2|0|0|0|0|0
Tocotoco|053|Neutral|60|75|70|0|0|0|0|0|1|0|0|0|0|0|0
Univolt|054|Electric|80|105|105|0|0|0|3|0|0|1|0|0|0|0|0
Gobfin|055|Water|90|90|75|0|2|0|0|2|0|0|0|0|0|1|0
Gobfin Ignis|055B|Fire|90|90|75|2|0|0|0|2|0|0|0|0|0|1|0
Loupmoon|056|Dark|80|100|80|0|0|0|0|2|0|0|0|0|0|0|0
Loupmoon Cryst|056B|Ice|80|105|80|0|0|0|0|4|0|0|0|0|4|0|0
Cawgnito|057|Dark|75|95|80|0|0|0|0|2|0|0|0|1|0|0|0
Arsox|058|Fire|85|95|95|3|0|0|0|0|0|2|0|0|0|0|0
Muffly|059|Ice|60|80|55|0|0|0|0|0|2|0|0|0|1|0|0
Bristla|060|Grass|80|80|80|0|0|2|0|2|2|0|0|2|0|1|0
Cinnamoth|061|Grass|70|80|80|0|0|2|0|2|0|0|0|1|0|0|0
Puffolt|062|Electric|75|80|70|0|0|0|2|0|0|0|0|0|0|1|0
Elphidran|063|Dragon|110|80|90|0|0|0|0|0|0|3|0|0|0|0|0
Elphidran Aqua|063B|Dragon/Water|115|80|95|0|4|0|0|0|0|3|0|0|0|0|0
Vanwyrm|064|Dark/Fire|90|115|90|2|0|0|0|0|0|0|0|0|0|3|0
Vanwyrm Cryst|064B|Dark/Ice|90|120|95|2|0|0|0|0|0|0|0|0|0|3|0
Felbat|065|Dark|100|105|110|0|0|0|0|0|0|0|0|3|0|0|0
Vaelet|066|Grass|100|100|120|0|0|3|0|3|3|0|0|3|2|2|0
Beegarde|067|Grass|80|90|90|0|0|2|0|2|3|0|0|2|0|2|2
Elizabee|068|Grass|90|105|100|0|0|4|0|4|4|0|0|3|0|4|0
Lovander|069|Dark|120|70|70|0|0|0|0|3|0|0|2|3|0|2|0
Grintale|070|Neutral|110|80|80|0|0|0|0|0|3|0|0|0|0|0|0
Tarantriss|071|Dark|110|100|100|0|0|0|0|3|0|0|3|2|0|2|0
Polapup|072|Ice/Water|95|105|105|0|0|0|0|0|0|0|0|0|3|4|0
Leezpunk|073|Dark|80|80|50|0|0|0|0|2|1|0|0|0|0|1|0
Leezpunk Ignis|073B|Fire|80|80|50|2|0|0|0|2|1|0|0|0|0|1|0
Gorirat|074|Neutral|90|95|90|0|0|0|0|2|0|3|0|0|0|3|0
Gorirat Terra|074B|Ground|90|100|90|0|0|0|0|2|0|3|0|0|0|3|0
Surfent|075|Water|90|90|80|0|3|0|0|0|0|0|0|0|0|2|0
Surfent Terra|075B|Ground|90|90|100|0|0|0|0|0|0|0|3|0|0|0|0
Robinquill|076|Grass|90|105|80|0|0|2|0|3|0|3|0|0|2|1|0
Robinquill Terra|076B|Grass/Ground|90|105|80|0|0|3|0|0|3|2|2|0|0|2|0
Flopie|077|Grass|75|65|70|0|0|2|0|2|2|0|0|0|0|1|1
Wixen|078|Fire|90|110|80|3|0|0|0|3|0|0|0|0|0|2|0
Wixen Noct|078B|Dark/Fire|90|110|85|4|0|0|0|4|0|0|0|0|0|2|0
Katress|079|Dark|90|105|90|0|0|0|0|3|0|0|3|0|0|2|0
Katress Ignis|079B|Dark/Fire|95|105|90|3|0|0|0|3|0|0|3|0|0|2|0
Helzephyr|080|Dark|100|125|100|0|0|0|0|0|0|0|0|0|0|4|0
Helzephyr Lux|080B|Dark/Electric|105|125|100|0|0|0|3|0|0|0|0|0|0|3|0
Elgrove|081|Grass|110|105|105|0|0|3|0|2|3|2|0|0|0|3|0
Lunaris|082|Neutral|90|100|90|0|0|0|0|4|2|0|0|0|0|2|0
Fenglope|083|Neutral|110|110|90|0|0|0|0|0|0|3|0|0|0|0|0
Fenglope Lux|083B|Electric|110|115|90|0|0|0|5|0|0|4|0|0|0|0|0
Dinossom|084|Dragon/Grass|110|85|90|0|0|3|0|0|0|3|0|0|0|0|0
Dinossom Lux|084B|Dragon/Electric|110|90|90|0|0|0|2|0|0|2|0|0|0|0|0
Bushi|085|Fire|80|125|80|2|0|0|0|2|1|3|0|0|0|2|0
Bushi Noct|085B|Dark/Fire|80|130|80|2|0|0|0|2|1|0|5|0|0|2|0
Munchill|086|Ice/Water|75|80|85|0|2|0|0|0|3|0|0|0|1|0|0
Mammorest|087|Grass/Ground|150|85|90|0|0|4|0|0|0|4|0|0|0|4|0
Mammorest Cryst|087B|Ground/Ice|150|85|90|0|0|0|0|0|0|5|4|0|0|5|0
Finsider|088|Water|75|85|80|0|2|0|0|0|0|0|0|0|0|1|0
Finsider Ignis|088B|Fire/Water|75|90|80|2|2|0|0|0|0|0|0|0|0|1|0
Petallia|089|Grass|100|95|100|0|0|4|0|3|3|0|0|4|0|2|0
Leafan|090|Grass|100|115|95|0|0|3|0|3|0|3|0|0|0|2|0
Incineram|091|Dark/Fire|95|100|85|3|0|0|0|2|0|0|3|0|0|2|0
Incineram Noct|091B|Dark|95|105|85|3|0|0|0|4|0|0|3|0|0|0|0
Dazzi|092|Electric|70|80|70|0|0|0|3|2|0|0|0|0|0|2|0
Dazzi Noct|092B|Dark/Electric|70|80|75|0|0|0|0|1|1|0|1|0|0|2|0
Pyrin|093|Fire|100|95|90|4|0|0|0|0|0|2|0|0|0|0|0
Pyrin Noct|093B|Dark/Fire|100|95|90|4|0|0|0|0|0|3|0|0|0|0|0
Relaxaurus|094|Dragon/Water|110|100|70|0|3|0|0|0|0|0|0|0|0|3|0
Relaxaurus Lux|094B|Dragon/Electric|110|110|75|0|0|0|4|0|0|0|0|0|0|3|0
Foxcicle|095|Ice|90|95|105|0|0|0|0|0|0|4|0|0|3|0|0
Beakon|096|Electric|105|115|80|0|0|0|4|0|2|0|0|0|0|5|0
Ghangler|097|Dark/Water|90|125|105|0|0|0|0|5|0|0|0|0|0|2|0
Ghangler Ignis|097B|Fire/Water|90|130|105|5|5|0|0|0|0|0|0|0|0|2|0
Rayhound|098|Electric|90|100|80|0|0|0|4|0|0|0|0|0|0|0|0
Menasting|099|Dark/Ground|100|100|130|0|0|0|0|0|0|0|3|0|0|5|0
Menasting Terra|099B|Ground|100|105|130|0|0|0|0|0|0|0|3|0|0|6|0
Needoll|100|Grass|75|85|70|0|0|3|0|3|0|0|0|0|0|1|0
Reindrix|101|Ice|100|85|110|0|0|0|0|0|0|3|0|0|3|0|0
Mossanda|102|Grass|100|90|90|0|0|3|0|2|0|4|0|0|0|4|0
Mossanda Lux|102B|Electric|100|100|100|0|0|0|4|0|0|3|4|0|0|4|0
Chillet|103|Dragon/Ice|90|80|80|0|0|0|0|0|1|0|0|0|2|0|0
Chillet Ignis|103B|Dragon/Fire|90|85|80|4|0|0|0|0|0|3|0|0|0|0|0
Ragnahawk|104|Fire|95|105|120|3|0|0|0|0|0|0|0|0|0|3|0
Moldron|105|Fire/Ground|110|125|115|5|0|0|0|0|0|0|5|0|0|0|0
Palumba|106|Grass|105|110|115|0|0|4|0|4|5|0|0|0|0|0|0
Digtoise|107|Ground|80|95|120|0|0|0|0|0|0|0|4|0|0|0|0
Broncherry|108|Grass|120|90|100|0|0|5|0|0|0|0|0|0|0|0|0
Broncherry Aqua|108B|Grass/Water|120|95|100|0|5|0|0|0|0|0|0|0|0|0|0
Dumud|109|Ground/Water|100|70|95|0|2|0|0|0|0|0|2|0|0|1|0
Dumud Gild|109B|Ground/Water|105|75|100|0|2|0|0|2|0|0|1|0|0|4|0
Braloha|110|Grass/Ground|130|95|120|0|0|5|0|0|0|5|0|0|0|3|0
Kitsun|111|Fire|100|115|100|3|0|0|0|0|0|0|0|0|0|0|0
Kitsun Noct|111B|Dark|100|115|105|0|0|0|0|4|0|0|0|0|0|0|0
Blazehowl|112|Fire|105|110|80|5|0|0|0|0|0|3|0|0|0|0|0
Blazehowl Noct|112B|Dark/Fire|105|115|80|3|0|0|0|0|0|2|0|0|0|0|0
Warsect|113|Grass/Ground|120|100|120|0|0|3|0|3|0|0|4|0|0|5|0
Warsect Terra|113B|Ground|120|105|120|0|0|0|0|2|0|0|5|0|0|5|0
Frostplume|114|Ice|110|100|100|0|0|0|0|2|0|0|0|0|4|0|0
Majex|115|Dark/Fire|110|115|90|4|0|0|0|5|0|0|3|0|0|2|0
Sibelyx|116|Ice|110|90|100|0|0|0|0|3|0|0|0|3|3|0|0
Maraith|117|Dark|75|105|80|0|0|0|0|4|4|0|0|0|0|0|0
Shroomer|118|Grass|110|80|90|0|0|3|0|2|3|2|0|0|0|3|0
Shroomer Noct|118B|Dark/Grass|110|85|90|0|0|3|0|3|0|0|0|3|0|2|0
Icelyn|119|Ice|95|115|105|0|0|0|0|5|0|0|4|0|5|2|0
Gildra|120|Dark/Ground|105|120|105|0|0|0|0|0|0|0|5|0|0|4|0
Jormuntide|121|Dragon/Water|130|120|100|0|7|0|0|0|0|0|0|0|0|0|0
Jormuntide Ignis|121B|Dragon/Fire|130|130|100|7|0|0|0|0|0|0|0|0|0|0|0
Suzaku|122|Fire|120|105|105|5|0|0|0|0|0|0|0|0|0|0|0
Suzaku Aqua|122B|Water|125|105|105|0|6|0|0|0|0|0|0|0|0|0|0
Dazemu|123|Ground|95|90|80|0|0|0|0|0|0|0|2|0|0|0|0
Quivern|124|Dragon|105|100|100|0|0|0|0|1|2|0|2|0|0|3|0
Quivern Botan|124B|Dragon/Grass|105|105|100|0|0|5|0|2|4|3|0|0|0|4|0
Lullu|125|Grass|90|90|80|0|0|3|0|3|2|0|0|0|0|3|0
Kikit|126|Ground|75|70|90|0|0|0|0|0|0|0|1|0|0|0|0
Yakumo|127|Neutral|85|85|85|0|0|0|0|0|2|0|0|0|0|0|0
Skutlass|128|Water|70|100|80|0|4|0|0|1|0|0|1|0|0|0|0
Reptyro|129|Fire/Ground|110|105|120|5|0|0|0|0|0|0|5|0|0|0|0
Reptyro Cryst|129B|Ground/Ice|110|105|130|0|0|0|0|0|0|0|3|0|3|0|0
Starryon|130|Dark|110|100|100|0|0|0|0|0|2|0|0|0|0|0|0
Pierdon|131|Ground|100|105|120|0|0|0|0|0|0|0|5|0|0|0|0
Cryolinx|132|Ice|100|100|110|0|0|0|0|3|0|4|0|0|4|4|0
Cryolinx Terra|132B|Ground|100|105|110|0|0|0|0|2|0|6|5|0|0|4|0
Snugloo|133|Ice|80|75|85|0|0|0|0|2|3|0|0|0|3|2|0
Wumpo|134|Ice|140|80|100|0|0|0|0|0|3|0|5|0|5|6|0
Wumpo Botan|134B|Grass|140|80|110|0|0|3|0|0|3|0|5|0|0|6|0
Sootseer|135|Dark/Fire|105|125|90|0|0|0|0|3|3|2|0|3|0|2|0
Carnibora|136|Grass|85|90|85|0|0|6|0|4|0|4|0|0|0|2|0
Blazamut|137|Fire|100|125|120|6|0|0|0|0|0|0|7|0|0|0|0
Blazamut Ryu|137B|Dragon/Fire|105|130|125|6|0|0|0|0|0|0|7|0|0|0|0
Dualith|138|Grass/Ground|110|105|125|0|0|3|0|3|5|0|6|0|0|6|0
Anubis|139|Ground|120|130|100|0|0|0|0|6|0|0|6|0|0|4|0
Sekhmet|140|Ground|110|115|100|0|0|0|0|6|0|0|3|0|0|2|0
Prixter|141|Dark/Ground|90|110|90|0|0|0|0|2|0|0|4|0|0|2|0
Tetroise|142|Ground|95|100|135|0|0|0|0|0|0|0|4|0|0|0|0
Nyafia|143|Dark|110|100|100|0|0|0|0|4|0|0|4|2|0|3|0
Mimog|144|Neutral|60|60|130|0|0|0|0|0|1|0|0|0|0|2|0
Xenovader|145|Dark|90|125|85|0|0|0|0|3|0|0|0|0|0|2|0
Xenogard|146|Dragon|110|120|130|0|0|0|0|0|0|0|4|0|0|0|0
Prunelia|147|Dark/Grass|105|95|100|0|0|3|0|1|2|0|0|3|0|1|0
Nitemary|148|Dark|105|95|105|0|0|0|0|4|0|0|0|0|0|2|0
Smokie|149|Dark|85|90|85|0|0|0|0|0|2|0|0|0|0|0|0
Omascul|150|Dark|95|105|100|0|0|0|0|0|0|0|5|0|0|0|0
Whalaska|151|Ice/Water|105|115|110|0|5|0|0|0|0|0|0|0|6|0|0
Whalaska Ignis|151B|Fire/Ice|105|120|110|5|0|0|0|0|0|0|0|0|6|0|0
Verdash|152|Grass|90|115|90|0|0|4|0|5|5|3|0|0|0|3|0
Splatterina|153|Dark|95|115|105|0|0|0|0|6|0|0|3|5|0|2|0
Gildane|154|Ground|120|110|110|0|0|0|0|0|0|0|5|0|0|0|0
Dogen|155|Neutral|90|100|100|0|0|0|0|4|3|0|3|2|0|3|0
Bulldosu|156|Ground|115|95|100|0|0|0|0|0|0|0|4|0|0|3|0
Celesdir|157|Neutral|120|110|100|0|0|0|0|0|0|4|7|0|0|0|0
Astegon|158|Dark/Dragon|100|125|125|0|0|0|0|3|0|0|7|0|0|0|0
Knocklem|159|Ground|105|110|135|0|0|0|0|0|4|0|7|0|0|7|0
Silvegis|160|Dragon|120|110|115|0|0|0|0|0|0|0|6|0|0|0|0
Azurmane|161|Electric|130|120|110|0|0|0|5|0|0|0|0|0|0|0|0
Valentail|162|Neutral|75|80|70|0|0|0|0|0|2|0|0|0|0|0|0
Snock|163|Electric|65|70|75|0|0|0|4|0|0|0|0|0|0|0|0
Souffline|164|Grass|70|75|60|0|0|2|0|0|0|0|0|0|0|2|0
Lapiron|165|Ground|70|75|80|0|0|0|0|3|4|0|2|0|0|1|0
Hoodle|166|Dark|70|85|80|0|0|0|0|0|1|0|0|0|0|1|0
Slowatt|167|Electric|80|75|70|0|0|0|3|0|0|0|0|0|0|0|0
Bakemi|168|Dark|70|85|80|0|0|0|0|3|0|0|0|4|0|2|0
Solmora|169|Water|90|90|85|0|4|0|0|0|0|0|0|0|0|0|0
Lapure|170|Neutral|105|100|100|0|0|0|0|6|5|0|0|0|0|0|0
Eidrolon|171|Dark/Dragon|115|125|120|0|0|0|0|0|0|0|6|0|0|0|0
Flaracle|174|Fire|110|125|105|7|6|0|0|0|0|0|2|0|0|0|0
Ophydia|175|Grass/Water|130|115|120|0|5|7|0|0|0|0|0|0|0|0|0
Mycora|179|Grass|105|95|90|0|0|6|0|4|4|0|0|6|0|0|0
Grizzbolt|185|Electric|105|100|100|0|0|0|5|4|0|3|5|0|0|0|0
Lyleen|186|Grass|110|110|105|0|0|7|0|5|0|0|0|6|0|5|0
Lyleen Noct|186B|Dark|110|110|115|0|0|0|0|5|0|0|0|6|0|7|0
Orserk|187|Dragon/Electric|100|130|100|0|0|0|8|4|0|0|0|0|0|4|0
Faleris|188|Fire|100|105|110|6|0|0|0|0|0|0|0|0|0|3|0
Faleris Aqua|188B|Water|100|110|110|0|6|0|0|0|0|0|0|0|0|5|0
Shadowbeak|189|Dark|120|120|140|0|0|0|0|0|2|0|0|0|0|0|0
Selyne|190|Dark/Neutral|130|115|110|0|0|0|0|7|0|0|6|3|0|0|0
Bastigor|191|Ice|140|130|120|0|0|0|0|0|0|0|6|0|5|8|0
Bellanoir|195|Dark|120|150|100|0|0|0|0|5|0|0|0|5|0|4|0
Bellanoir Libero|195B|Dark|120|150|100|0|0|0|0|6|0|0|0|7|0|4|0
Xenolord|196|Dark/Dragon|130|120|120|0|0|0|0|0|2|0|0|0|0|0|0
Hartalis|197|Neutral|135|130|110|0|0|0|0|0|0|7|7|0|0|0|0
Paladius|198|Neutral|130|120|145|0|0|0|0|0|0|6|6|0|0|0|0
Necromus|199|Dark|130|145|120|0|0|0|0|0|0|6|6|0|0|0|0
Frostallion|200|Ice|140|140|120|0|0|0|0|0|0|0|0|0|7|0|0
Frostallion Noct|200B|Dark|140|140|135|0|0|0|0|0|7|0|0|0|0|0|0
Neptilius|201|Water|105|145|125|0|7|0|0|0|0|0|0|0|0|0|0
Jetragon|202|Dragon|110|140|110|8|0|0|0|0|0|0|0|0|0|0|0
Panthalus|203|Water|180|120|200|0|0|0|0|0|0|0|0|0|0|0|0